60 91
73
34 6 12 58
13 3 20 0
13 5 47 33
10 12 26 79
10 12 12 64
6 7 14 25
6 15 28 64
25 7 1 84
25 15 35 38
21 12 39 3
16 7 19 37
16 5 44 53
21 3 39 0
21 5 5 79
5 7 0 76
5 5 35 53
4 1 43 37
4 10 27 27
6 13 22 66
12 13 48 20
12 9 36 79
23 6 8 3
7 3 44 88
7 5 47 15
2 1 10 9
2 10 10 10
6 6 33 9
6 5 54 15
14 7 46 58
14 6 0 20
16 3 6 76
16 5 11 32
14 6 2 38
14 5 0 26
14 13 34 66
3 2 1 18
3 7 17 9
11 2 34 64
11 7 0 31
6 7 20 24
6 6 20 18
33 14 2 44
12 4 35 15
12 3 48 65
16 18 31 19
12 3 8 0
12 18 0 58
4 4 31 15
4 3 40 53
3 1 38 37
3 2 48 68
6 9 20 9
6 9 33 0
6 1 20 31
6 2 4 18
5 7 12 9
5 18 26 9
3 9 17 16
3 9 14 16
9 18 51 68
6 5 54 86
6 2 22 64
2 12 31 3
2 9 0 40
8 3 36 88
8 9 0 0
10 9 0 9
3 5 51 86
3 2 40 56
3 18 48 70
3 7 16 37
2 3 12 17
2 9 0 49
