60 92
73
34 6 26 74
13 3 34 3
13 5 47 0
10 12 50 80
10 12 22 27
6 7 24 52
6 15 13 55
25 7 19 39
25 15 24 59
21 12 39 18
16 7 20 85
16 5 44 54
21 3 26 0
21 5 29 80
5 7 49 5
5 5 49 68
4 1 17 22
4 10 3 22
6 13 6 61
12 13 12 70
12 9 32 30
23 6 37 12
7 3 32 27
7 5 0 32
2 1 49 73
2 10 1 51
6 6 54 68
6 5 12 3
14 7 36 85
14 6 35 6
16 3 14 48
16 5 18 3
14 6 46 48
14 5 25 22
14 13 30 46
3 2 22 25
3 7 7 22
11 2 19 46
11 7 10 23
6 7 54 5
6 6 0 61
33 14 2 8
12 4 0 0
12 3 0 4
16 18 44 30
12 3 14 0
12 18 7 30
4 4 35 18
4 3 21 22
3 1 27 51
3 2 0 30
6 9 1 37
6 9 49 59
6 1 10 22
6 2 20 83
5 7 1 67
5 18 19 51
3 9 57 59
3 9 19 30
9 18 3 74
6 5 0 46
6 2 13 53
2 12 0 11
2 9 55 59
8 3 6 49
8 9 12 83
10 9 3 52
3 5 26 80
3 2 16 51
3 18 0 74
3 7 0 23
2 3 35 15
2 9 24 74
