60 102
73
34 6 0 0
13 3 6 99
13 5 47 71
10 12 16 39
10 12 38 38
6 7 28 90
6 15 49 1
25 7 6 69
25 15 35 52
21 12 0 51
16 7 34 29
16 5 35 90
21 3 0 30
21 5 0 93
5 7 55 90
5 5 25 97
4 1 0 6
4 10 17 10
6 13 47 16
12 13 48 39
12 9 21 30
23 6 0 24
7 3 53 99
7 5 53 25
2 1 32 101
2 10 26 39
6 6 43 3
6 5 0 16
14 7 33 22
14 6 33 68
16 3 6 90
16 5 3 63
14 6 12 76
14 5 6 85
14 13 33 9
3 2 44 74
3 7 12 10
11 2 33 36
11 7 34 95
6 7 45 95
6 6 22 90
33 14 27 76
12 4 8 6
12 3 0 13
16 18 0 33
12 3 47 68
12 18 21 6
4 4 0 89
4 3 0 98
3 1 0 101
3 2 45 50
6 9 6 76
6 9 0 80
6 1 49 0
6 2 19 100
5 7 55 18
5 18 55 0
3 9 3 71
3 9 0 67
9 18 23 51
6 5 32 45
6 2 19 98
2 12 15 12
2 9 51 93
8 3 0 7
8 9 34 0
10 9 50 30
3 5 16 33
3 2 31 97
3 18 32 50
3 7 6 17
2 3 0 10
2 9 53 90
