60 104
73
6 34 44 37
13 3 44 26
13 5 3 14
10 12 50 47
10 12 50 59
7 6 21 50
15 6 0 19
7 25 37 22
25 15 35 76
21 12 16 35
7 16 0 63
16 5 39 3
3 21 35 0
5 21 7 70
5 7 10 25
5 5 20 98
1 4 59 39
4 10 40 53
6 13 38 63
12 13 9 0
9 12 0 25
23 6 12 89
3 7 0 91
7 5 44 21
1 2 19 102
10 2 9 50
6 6 32 47
5 6 32 97
14 7 37 91
14 6 37 98
3 16 57 0
16 5 44 71
6 14 15 21
5 14 9 36
14 13 38 8
2 3 55 3
3 7 54 9
2 11 35 21
7 11 51 91
6 7 44 29
6 6 38 47
14 33 21 2
4 12 15 70
12 3 45 0
16 18 19 71
3 12 0 79
12 18 9 52
4 4 55 39
3 4 17 13
3 1 0 98
3 2 57 25
6 9 3 91
9 6 0 8
6 1 9 13
6 2 21 0
7 5 25 98
5 18 50 29
9 3 31 60
9 3 0 37
9 18 0 40
6 5 3 58
2 6 38 53
12 2 25 95
2 9 58 91
3 8 0 0
8 9 52 16
10 9 9 95
5 3 19 95
2 3 55 6
18 3 14 47
7 3 38 0
2 3 58 36
2 9 58 27
