60 92
73
6 34 13 58
13 3 47 21
13 5 33 54
12 10 1 82
10 12 50 26
6 7 0 16
6 15 27 44
7 25 19 49
15 25 45 67
21 12 30 0
16 7 9 31
5 16 55 38
21 3 34 40
21 5 34 49
5 7 26 60
5 5 23 5
1 4 24 39
4 10 9 72
6 13 25 31
12 13 1 44
9 12 51 0
23 6 8 25
7 3 24 22
5 7 26 67
1 2 0 83
10 2 50 24
6 6 18 38
6 5 13 53
7 14 17 11
6 14 0 57
16 3 39 46
5 16 0 23
6 14 9 2
14 5 13 44
14 13 46 54
2 3 31 41
3 7 47 33
2 11 15 5
11 7 31 12
6 7 17 4
6 6 33 43
14 33 31 59
4 12 6 60
12 3 43 43
16 18 31 22
3 12 10 60
12 18 19 74
4 4 5 35
4 3 39 43
3 1 31 40
3 2 6 72
6 9 24 10
6 9 0 71
6 1 13 49
6 2 0 80
7 5 2 1
18 5 0 39
3 9 14 16
3 9 47 24
18 9 42 12
6 5 24 0
2 6 0 0
12 2 12 0
2 9 6 25
3 8 6 74
8 9 6 16
9 10 0 6
5 3 14 50
3 2 51 38
18 3 24 19
7 3 6 57
2 3 28 6
9 2 15 2
